98,85,15,24,46,97,19,89,87,44,57
64,39,94,19,49,27,85,36,23
17,71,97,93,49,43,24,76,62,98,27,87,38,19,44,89,78
13,71,57,79,76,24,36,67,77,74,19
79,71,45,17,87,49,43
53,91,75,84,15,79,46,24,36,71,98,19,85,97,93,35,44
49,43,38,11,48,83,86,13,53,91,75
62,94,51,72,47,48,74,86,13,53,59,75,67,15,77
97,38,62,39,45,36,49,23,35,43,78,89,94,27,71,44,19,93,85
94,51,83,47,91,13,67,72,86,11,59,25,84,79,57,74,34,77,48,58,15,55,53
34,91,49,23,43,13,53,74,86,78,55,62,94
97,17,35,87,39,78,64,49,38,51,25
17,35,87,89,78,64,43,38,62,94,51,72,11,55,34
45,71,93,64,35,39,89,76,98,44,24,27,49,17,78,46,38,85,97,43,23
23,35,27,72,89,47,38,43,44
77,57,46,36,98,19,85,97,35,44,39,64,27
34,83,47,84,11,59,53,67,48,86,38,91,23,62,94,15,13,58,75,72,55,51,74
79,98,44,78,87,97,24,15,17,71,36,77,67,89,46
87,39,49,43,94,58,72,11,47,48,86
15,86,83,58,72,25,91,84,53,51,55,47,62,13,23,38,11,59,94,48,74
53,74,98,57,86,46,13,19,59,48,75,85,83,34,71
72,86,62,51,38,15,84,58,91
87,39,79,57,71,97,19,89,44,35,67,77,24,46,78,36,84
25,34,74,91,67,84,77,36,71
35,87,39,62,94,51,72,34,83
76,17,35,44,87,78,64,49,27,43,38,23,62,94,51,58,25,55,48
75,45,67,93,39,71,15
46,24,36,98,19,97,76,87,49,38,23
87,94,44,89,98,71,38,17,35,78,36
76,17,35,44,87,89,23,51,72,11,47
43,35,46,45,19,97,24,36,89,79,93
53,83,79,84,47,59,77,55,67,48,25,15,72,74,91,36,86
27,87,78,44,64,98,71,77,57,35,85,39,93,19,89,46,17,76,97,79,45,24,49
79,57,46,71,98,19,45,85,97,93,76,17,44,87,89,39,78,64,49,27,43
44,64,49,27,23,62,94,51,58,25,11,83,74
79,46,24,36,71,98,19,45,85,97,93,17,35,89,39,78,64,49,43
79,46,87,45,97,44,27,39,43,19,64
25,11,47,48,34,83,74,86,13,53,59,75,67,15,77,79,24,36,71
13,53,79,19,45,76,35
53,91,59,75,67,84,15,77,79,57,46,24,36,71,98,19,85,97,93,76,17,35,44
49,48,39,51,38,27,87,55,83,23,64,62,44,78,72,94,58,43,47,34,35
93,76,44,89,39,78,49,38,23,25,11,47,55
98,45,97,93,76,87,89,78,23,62,94,51,58
74,36,72,79,24,48,53,59,55
38,51,17,94,11,49,93
58,47,55,48,83,86,59,75,67,84,77,79,57,46,24
71,78,97,49,76,23,94,64,45,89,93,62,51,98,17,38,39,19,85,27,43
38,58,94,49,83,53,25,62,75,23,27
53,91,84,15,77,79,46,24,36,98,85,97,93,76,17,35,44
25,86,47,27,59,48,83,58,94,55,43,62,75,51,67,91,13,53,11
19,45,85,97,93,76,17,35,44,87,89,78,64,49,27,43,38,23,62,94,51,58,72
55,84,86,72,58,11,91,46,57,34,24,83,77
87,39,78,49,62,94,72,74,86
85,97,93,76,17,35,44,87,78,64,49,27,43,38,23,62,94,51,58,72,25
36,34,67,91,59,57,77,53,97
84,15,77,57,46,24,45,85,97,93,76,35,44,87,39,78,64
51,62,58,97,43,85,64,87,89,44,93,27,94,25,11
84,15,57,24,36,71,98,19,45,85,97,93,76,17,44,87,89,78,64
36,62,76,44,38,24,93
67,48,24,86,11,91,53,13,34,84,55
25,74,53,84,46,15,11,55,34,71,48,75,77,47,59,24,57,83,36
49,79,57,78,77,27,36
24,36,98,45,85,97,93,76,35,44,87,89,78
77,57,79,15,78,49,19
93,78,97,85,19,44,49,27,62,24,89,23,17,43,64,36,87,45,76
62,94,51,58,72,25,11,55,48,34,83,74,86,13,53,91,59,75,67,84,15,77,79
34,53,72,51,83,11,86,48,67,47,77,13,59,57,75,58,46
67,36,74,77,24,34,19,53,98,86,46,45,83,71,91,15,57,75,13,84,48,59,55
36,93,17,44,87,89,27
93,57,77,39,79,44,89,75,46,45,97,35,15,76,87,84,71,98,17
62,47,79,25,51,72,74,55,94,84,53
45,93,17,35,44,87,89,39,78,49,27,62,51,58,25
57,64,84,24,87,46,36,76,39,85,78
86,25,79,15,46,57,58,77,13,47,91,84,75,51,59,55,74
89,64,58,94,43,87,44,47,93,49,51,76,11,78,17,72,97,38,25,27,39,62,23
72,25,11,47,55,34,83,74,13,53,91,59,67,84,15,77,79,57,46,24,36
53,75,24,71,46,86,67,45,98,84,83,91,57,36,55,19,79,77,59,48,34
89,97,85,98,44,58,51
86,53,91,59,75,67,15,77,79,57,46,98,85,97,93,76,17
64,38,23,94,51,58,72,25,11,55,48,34,83,74,86,13,53,91,59
64,38,47,34,72,94,17,25,49,58,55
35,36,39,49,78,27,57,89,46,76,93,17,98,44,77
64,49,39,34,51,48,62,43,78,35,58,87,25,89,27,38,11,55,44,94,83
62,51,11,83,74,13,79
11,27,62,67,13,83,23,72,38,58,53
27,23,62,58,47,13,67
93,17,35,87,39,64,49,27,43,62,94,58,25,11,47
15,57,46,19,76,17,35,44,87,89,64
39,74,13,38,86,11,78,53,43
87,78,94,64,62,85,39,72,23
85,93,78,64,43,62,94,72,11
15,58,79,83,13,91,57,53,48
57,24,71,19,45,97,93,76,35,44,89,64,49,43,38
51,34,43,75,27,94,25,83,55,13,38,91,62,48,59,47,11,86,58,53,67
71,98,19,45,85,97,93,76,17,35,44,87,89,39,78,64,49,27,38,94,51
36,71,98,19,85,97,93,76,17,35,44,87,89,39,78,64,49,27,43,38,23,62,94
36,71,98,19,45,97,93,44,43,38,23,62,94
13,34,84,46,67,83,91,86,47,55,11
67,84,75,15,46,74,48,34,11,83,71,53,36,77,86,91,57,79,98,24,13
76,87,35,98,39,71,27,85,93,78,49,24,62,38,44,45,43,17,19,23,64
67,25,48,13,71,36,79,77,59,53,83,11,86
59,71,75,74,13,91,79,67,47,86,57,48,53,19,98,55,77,46,15,83,84
48,83,86,13,84,15,79,46,36,71,98
47,55,78,11,64,48,17,44,58,62,72,51,23,38,25,35,89,76,94,39,43,87,49
34,83,74,86,13,53,91,59,75,67,84,15,77,79,57,46,24,36,71,19,45,85,97
13,53,91,59,75,67,84,15,77,79,57,24,36,71,19,45,85,97,93,76,35
17,35,44,87,89,78,64,27,43,38,23,62,51,72,25,11,47,48,34
43,38,23,62,94,51,72,25,47,55,48,34,74,86,53,59,75,67,84
19,76,17,35,44,87,89,39,64,49,27,23,62,58,72
17,35,44,87,89,39,78,64,49,27,43,38,23,62,94,51,58,72,11,47,55,48,34
86,13,67,46,75,84,83,58,91,72,11,74,77,47,55,53,15,48,25,34,59,57,24
59,15,57,98,44,87,89
71,76,67,36,57,79,24,91,15,98,86,59,46,77,45,97,85,53,17,19,75,84,13
62,51,58,72,25,55,48,34,83,74,53
77,15,49,87,46,71,24
86,13,91,59,75,67,15,57,36,71,19,45,85,97,93,76,17
55,48,34,53,67,84,79,98,45
47,27,94,67,75,43,11
85,36,27,49,94,19,43,38,93,45,89,97,71,76,44,23,64,98,87,78,62
78,25,38,86,94,27,58,11,49,83,87,43,72,23,64,39,74,55,34,89,47,51,48
57,24,71,19,85,97,76,17,35,87,89,78,64,49,27
93,71,79,19,97,77,44,15,87,35,67,84,91,85,76
64,43,94,86,49,83,53,72,23,55,58,13,27,91,74,34,62,38,48,11,78
62,13,53,91,59,77,79
39,78,64,27,43,38,62,94,72,25,11,47,48,34,83,74,86,13,53
83,46,93,97,71,98,59,53,36,13,84
79,57,55,34,15,47,74,25,11,53,58,67,86,46,91,84,13,48,75
36,35,98,49,79,45,24,44,78,97,71,64,93,17,87,77,46
44,89,78,64,94,72,48
86,72,43,11,78
19,17,98,62,39,24,43,71,49,38,64,97,36,35,93
62,94,51,58,72,25,11,47,55,48,34,74,86,53,91,59,75,67,84,77,79
34,79,62,72,77,25,75
91,75,84,77,79,57,46,36,71,19,17,44,87
36,85,75,97,19,76,13,15,84,77,24,86,45,91,53,67,59,17,71
64,27,62,94,58,11,55,48,74,53,59
55,48,34,83,74,13,53,91,59,24,36,71,98,19,45
11,47,58,23,17,51,64,72,76,55,35,89,78,49,43,94,44
62,94,58,25,47,48,83,86,13,15,77
93,35,43,51,38,87,89,17,39,78,94,45,98,71,76,85,62
57,46,24,36,71,98,19,85,93,76,17,44,87,89,39,78,49,27,38
84,77,46,24,98,85,17,87,64
83,74,13,53,59,75,67,15,79,57,46,98,45,85,97
39,17,62,51,35,45,76,43,64,44,94,93,98,58,19,87,78
48,74,86,13,53,91,59,67,84,15,77,79,57,46,24,36,71,98,19,45,85
19,45,97,93,76,17,44,87,89,39,49,43,38,62,94,58,72
23,17,46,38,24,49,87
75,77,57,46,36,71,45,97,76,17,35,44,87,89,39
34,83,74,86,53,91,59,75,67,84,15,77,57,46,36,71,98,19,45,85,97
89,78,55,83,72,58,11,64,13,94,38,47,62,74,34,86,49,23,51,25,27
53,94,79,55,57,83,58,74,77,47,25,67,13
71,75,85,97,15,35,13,84,93
89,93,39,11,62,58,78,97,25,27,51,94,76,72,49,35,44,64,87,47,43,23,38
57,77,71,87,97,24,91,59,85,35,44,15,17
24,35,97,76,19,45,93,79,46
58,72,25,47,55,34,83,74,13,53,91,67,84,15,57,46,24
46,24,36,71,98,19,45,85,93,76,17,35,89,39,78,64,49,27,43,38,23
27,43,38,23,62,51,58,72,25,11,47,55,48,34,83,74,86,13,53,91,75
23,51,72,34,83,74,13,53,84,15,77
67,83,57,36,93,46,77,15,91,97,59,71,74,84,19
23,49,27,64,51,86,72,39,58,87,38
34,74,86,59,84,77,79,24,36,71,98,19,45
91,75,67,15,77,79,46,24,36,71,98,19,85,97,76,17,35,44,87
89,51,47,83,11,38,64,72,78,49,39,74,48,94,27,87,44,34,25,55,43,23,62
77,98,86,19,93,15,13
38,23,94,58,48,34,13,91,75,67,15
71,98,45,97,93,76,17,35,89,39,78,49,43,38,23,62,51
48,74,86,13,53,59,15,79,46,24,36,19,45
55,58,23,47,43,48,49,13,86,38,51,78,72,94,11,34,74,62,64,83,53
43,38,62,94,51,58,72,25,11,55,34,74,86,13,53,91,59,67,84
51,57,74,72,55,47,86,34,91,77,83,79,59,58,11
74,47,53,51,15,75,59,46,55
15,57,24,36,98,19,85,97,93,76,17,35,89,39,49
58,72,11,47,48,34,83,74,86,75,67,15,77,57,24
38,23,62,94,51,58,72,25,11,47,55,48,34,83,74,86,13,53,91,59,75,67,84
89,39,78,49,43,38,94,51,72,25,11,47,83,86,13
55,34,86,13,53,91,59,75,67,84,15,77,79,57,24,71,98,19,45
74,86,53,91,84,19,76
71,98,19,45,85,97,17,39,64,27,43,62,51
75,67,84,77,57,46,36,71,19,45,93,17,44,87,39
11,55,34,74,13,53,91,59,84,77,57,71,98
35,44,87,89,39,78,27,38,23,62,94,58,72,25,11,55,83
94,51,72,55,34,86,13,53,91,67,15,77,79
91,75,67,84,15,77,79,57,46,36,45,85,97,76,17,35,87
79,57,46,24,71,98,45,85,97,76,17,44,87,89,39,64,49,27,43
27,89,39,34,62,83,47,25,49,23,51,78,48,58,74,44,94,72,38
85,97,93,76,17,35,44,87,23,58,11
64,49,27,23,62,94,51,58,72,47,55,34,83,74,86,13,53,91,59
78,64,49,27,43,38,23,62,94,51,58,72,25,47,55,48,34,83,74,86,13
13,15,85,91,67,34,71,53,79,45,46,98,36,77,24,48,57,86,74,19,59,83,84
49,27,23,51,58,55,34,74,86,53,75
59,15,77,57,46,24,36,71,98,19,45,85,97,93,76,17,44,87,89
23,89,76,39,36,38,43,98,85,44,46,17,35,93,71
94,51,58,72,25,11,47,55,48,34,83,74,13,53,91,59,75,67,84,15,77,79,57
55,64,58,89,39,86,23,72,38,13,48,25,47,34,27
64,23,49,17,78,89,27,87,58,39,93,35,97,98,43,85,19,44,94
87,85,19,72,58,38,64,17,43,49,93,39,76,23,97,51,78,94,44,62,35,27,89
25,55,83,86,13,53,91,75,67,15,79,57,71
49,43,23,62,94,58,72,25,47,55,48,83,75
35,91,79,15,71,46,59,19,75,93,45,67,76,77,85,53,97,36,17,57,24,84,13